0
1374
1341
1270
0
1409
0
1203
0
0
1154
0
0
1415
0
1400
0
0
0
1127
0
1400
0
1343
1368
1232
0
1122
0
0
0
1296
1303
1295
0
1193
0
1354
1251
1242
0
0
1109
0
1292
1346
0
0
1201
0
0
1211
0
1285
1231
1238
1366
0
1459
0
1147
0
1335
0
0
0
1344
1187
0
0
0
1272
0
1253
0
1132
1210
0
0
1114
0
0
1130
0
0
0
1374
0
0
0
1224
1246
0
0
0
1316
1146
1225
1176
1399
0
0
1120
1359
1126
0
1389
0
0
1220
0
0
1118
0
0
1248
1327
0
1434
0
1113
1209
0
0
0
0
0
1258
1249
0
0
1206
0
1314
1271
0
0
1143
1338
1323
0
0
0
0
0
1220
0
1201
0
0
1366
0
1114
0
1158
0
0
1269
0
1291
0
0
1225
1191
1301
0
1213
1235
1450
0
0
0
0
0
0
0
1226
1129
1226
1237
1401
0
0
0
0
1194
1149
1200
1300
0
1112
0
0
0
1186
1187
1370
0
0
1243
0
0
1201
0
0
1232
0
1217
1208
1305
1131
0
0
1299
1379
0
0
0
0
1209
0
0
0
0
1224
0
0
0
0
0
1152
0
0
0
1360
0
0
0
0
1142
0
0
1210
0
1296
1186
1225
1229
0
0
1123
1404
0
0
1139
0
1273
0
1114
0
0
1257
0
1370
1321
0
1362
1539
0
0
0
0
1197
0
0
1254
1417
1138
1124
0
0
1227
1423
0
0
0
1195
0
0
1209
0
0
1239
1128
1259
0
0
0
1329
0
0
0
0
1212
1129
1260
0
1265
1390
0
0
0
0
0
0
0
1147
0
0
0
0
0
1322
1121
1332
0
1344
0
0
1198
0
1217
0
0
0
1259
1448
0
0
0
0
1128
0
0
0
1438
0
0
0
1207
1291
1229
0
0
0
1137
0
1138
0
0
1373
0
0
0
0
1149
0
0
0
0
0
1351
1410
0
0
0
0
0
0
0
0
0
0
0
0
0
1207
0
0
1124
0
0
0
0
0
1139
1135
1145
1367
1270
0
1281
0
0
1506
0
0
1226
0
0
1121
0
1153
0
0
0
0
1350
0
0
1414
0
0
0
0
1153
1109
1415
0
1236
1193
0
0
0
1103
0
0
1311
1244
0
0
1375
1321
1246
1141
0
0
1345
1130
0
1435
0
0
0
1233
0
1208
1130
0
0
0
1213
0
0
1141
0
0
1265
1198
1231
0
1303
1264
1201
1271
1334
1194
1228
0
1138
1416
1400
1116
0
1174
0
0
0
1201
1420
1421
0
0
1213
1138
1356
0
0
1216
0
1219
0
0
0
0
0
1243
0
1355
1264
0
1251
1341
0
0
1213
0
0
1342
0
1252
0
0
0
0
1263
0
1158
0
0
1239
1142
1244
0
0
1135
1310
0
1206
0
0
1221
0
0
1115
1170
0
0
1311
1123
1125
0
1150
0
0
0
0
0
0
0
0
0
1194
0
0
0
0
0
1137
0
1393
1304
0
1283
0
1408
1242
0
1266
0
0
0
1197
1228
1258
1273
1142
0
0
0
1114
0
0
0
0
1403
0
0
0
1346
0
0
1316
1150
0
0
1194
1422
0
1125
0
0
0
0
1444
0
1378
1123
0
1332
0
1114
1313
1208
0
0
1261
0
1237
1122
0
1201
1198
0
0
0
0
0
0
1137
1234
1137
1254
0
0
1188
0
0
0
1216
0
1448
1176
0
0
1137
0
0
1219
0
1431
0
0
1360
0
1131
0
0
0
0
1429
0
1203
1151
1273
1327
0
0
0
1266
0
0
0
0
1230
0
1235
1142
0
1208
0
0
0
1258
0
0
1303
0
1230
0
0
1327
0
0
0
1130
0
0
1367
1131
1344
0
0
0
1222
0
0
0
0
0
1309
1391
1234
1269
0
0
1413
0
0
0
0
0
0
0
0
1386
1197
0
0
1250
1195
1182
1417
0
1135
1289
0
0
1404
1233
1336
0
1117
0
0
0
0
0
1135
0
0
0
0
0
1211
0
0
0
0
0
1230
1205
0
1201
1128
0
1243
1263
0
0
0
1411
1321
1328
0
1196
0
0
1247
1287
1141
1200
1275
1348
1380
1137
0
0
1195
0
0
0
0
0
0
0
1289
0
1353
0
0
0
0
1332
0
1143
0
0
0
0
1336
0
0
1172
0
0
1153
1319
0
0
0
0
0
0
0
1317
0
0
1239
1307
0
0
1152
0
0
1155
0
0
0
1127
0
0
1322
1189
1371
1349
0
0
0
0
0
1494
1137
0
1135
1294
0
1359
1123
0
0
0
1236
0
1487
0
1140
1316
1261
1211
0
1266
0
1134
0
0
1136
1215
0
0
0
0
0
0
1408
1333
0
1121
1141
1211
1236
1224
1230
0
0
0
1240
1149
0
0
0
0
0
0
0
1336
1267
0
1140
1471
1134
1250
1298
0
0
0
1144
0
0
0
0
1263
0
1133
1194
1191
0
1226
1168
1342
0
0
1335
1209
1222
1210
1137
0
1235
0
1388
1232
1223
0
0
1265
1237
1280
1313
0
1124
1120
1147
1198
0
1143
0
0
1127
0
0
0
1453
0
1232
1243
0
0
0
1195
1455
0
0
1116
0
1124
1220
1409
0
0
0
0
1113
1250
0
1365
0
0
0
1257
0
0
0
0
0
1117
0
0
0
0
1422
1135
1306
1144
1240
0
1433
1207
1265
0
1240
0
1332
1138
1239
1354
1262
0
0
1413
1232
1145
1308
1137
1112
0
0
1220
0
0
1196
0
1302
0
0
1313
0
0
1333
0
1244
1207
0
0
1242
0
1152
0
1232
0
0
0
1211
0
0
1192
0
0
0
0
0
1392
0
0
0
0
0
0
0
1136
1276
0
0
1229
1144
0
0
1187
0
0
0
0
0
1119
0
0
0
0
1446
0
1335
1220
0
1214
0
0
1331
0
0
1248
0
0
0
0
0
1448
0
0
0
0
0
1138
0
0
0
1298
0
1434
1133
1131
0
1270
1340
1154
0
1131
0
0
0
1240
1305
1316
1217
0
0
0
1323
0
0
0
0
1151
1258
0
0
0
0
0
0
0
0
0
0
0
0
0
1245
0
0
0
1231
0
0
0
0
1310
0
0
0
1477
0
0
1237
0
0
0
0
1186
0
0
0
0
0
1242
0
1209
0
1255
0
0
0
0
1356
0
0
1121
1145
1152
0
0
1117
0
0
1257
0
1352
0
0
0
1216
0
1150
1256
0
0
0
0
1325
1242
1141
0
1278
0
0
0
0
1346
0
1263
0
0
0
0
0
0
1130
0
0
0
0
0
1248
0
0
1202
1540
0
0
0
0
0
1200
0
0
0
0
0
1252
0
1134
1135
0
1415
0
0
0
1334
0
1364
1204
0
0
0
0
1315
0
0
1349
1154
0
0
0
1231
0
1396
1298
0
0
0
0
0
1343
1183
1190
0
0
0
1142
1139
0
0
0
1250
1214
0
1512
1352
1311
1247
1142
0
1318
0
1197
0
0
1336
0
0
1122
0
0
0
1305
1338
1517
0
1137
0
1234
0
1280
0
1304
0
0
0
1158
0
0
0
0
1415
1267
0
1416
1118
1119
1249
1224
1292
0
0
1145
0
0
1356
0
0
1192
1383
0
1139
0
1301
1215
0
0
1343
0
1321
0
1128
0
1290
0
1231
1242
0
0
1386
0
0
1155
0
0
1241
1151
0
0
0
0
0
0
1273
0
1129
0
0
0
1242
0
1279
0
0
0
1220
0
1243
1126
1469
0
0
0
1239
0
0
1260
1188
0
0
0
0
1429
1237
1324
0
0
0
1304
0
0
0
0
1120
0
0
0
1426
0
1390
0
0
0
1357
0
0
0
1225
0
1156
1167
0
1351
0
0
0
0
1349
0
1385
0
1449
1313
0
0
0
1124
0
1218
1180
0
0
0
0
1433
0
1238
0
0
0
1185
0
1251
0
1287
0
0
0
0
0
1547
0
0
0
0
1419
1219
0
1219
0
0
0
0
1239
1261
1262
0
1273
0
1152
1399
0
0
0
0
0
0
1299
0
0
1201
1192
0
0
1330
0
0
1269
0
1339
0
1241
0
0
0
0
0
0
1166
0
0
1266
0
0
0
0
1311
0
1225
1210
0
1319
0
1226
1129
1223
0
1215
1162
0
1380
1154
1123
0
0
0
0
1224
0
1308
0
1310
0
0
0
1194
1188
1294
0
0
1241
0
1273
0
1133
0
1199
1284
0
0
1211
0
0
0
1152
1328
1303
0
0
1390
1126
0
1214
0
0
0
0
0
1119
1329
1199
0
1230
0
0
0
0
0
1375
0
1224
0
1229
0
0
1212
0
1259
0
0
0
1248
0
1141
0
0
0
0
0
1139
0
1408
1193
0
0
0
0
0
1266
0
1217
1314
0
0
1145
0
1287
1319
0
0
0
1130
0
0
0
1320
1281
1420
0
1409
1191
0
0
1308
0
0
0
1241
1131
0
0
0
0
1123
1121
0
1314
0
0
0
0
1173
0
0
1185
0
1153
0
0
0
1215
1296
0
0
0
1496
1238
0
1129
1150
1334
0
1531
0
0
1136
0
1210
0
1409
1229
1335
1156
0
0
0
1229
1234
1194
0
0
0
0
1122
0
1148
0
1393
1139
0
1586
0
1166
1235
0
0
1211
1237
1248
0
0
0
1246
1123
0
0
1378
0
1209
0
0
1138
0
0
0
0
0
1359
0
0
1358
0
0
0
1351
1217
1289
0
0
0
1355
1358
1393
1113
0
0
1186
0
1297
1440
1308
1249
1302
0
1148
0
0
0
1113
0
0
1132
1129
1257
0
1230
0
0
0
1224
1407
0
0
0
0
1235
0
0
0
1238
0
0
0
1224
0
1197
1248
0
0
0
0
0
1209
0
1198
0
0
1242
0
0
0
1291
0
0
0
1346
0
0
1495
0
1267
1493
1144
1387
0
0
0
0
1232
0
1130
1131
1141
0
1320
0
0
0
0
0
1359
0
1139
1200
0
1126
0
1189
0
0
0
1307
0
0
0
1137
1306
1228
0
0
1335
0
0
0
1256
1432
0
0
0
1223
0
1205
0
1146
1406
0
1130
0
0
0
1402
1307
0
0
0
0
0
0
1275
0
1125
0
1130
0
1319
1243
0
0
0
0
1352
1249
1210
1215
0
1146
1321
0
0
0
0
1136
1140
1130
0
1318
1539
0
1226
1201
1237
0
0
0
1123
0
0
0
0
0
0
1243
0
0
0
0
1121
0
1267
0
0
0
0
0
1204
1215
0
1228
0
0
1139
0
0
0
1302
0
1200
0
1417
